pitchPhi1 = 0.0001932745
pitchPhi2 = 0.0001718368
stereoAngle = 0.02
rmin = 384.5
r1 = 403.481
r2 = 427.462
r3 = 456.442
rmax = 488.423
rCentre = 438.614
Fx = 8.77169519303
Fy = -438.526280124052050
